1	0.790292	0.795951	0.831388	0.809133	0.779277	0.766759	0.802929	0.793437	0.82841	0.808279	0.813117	0.837924	0.797888	0.794351	0.82596	0.826897	0.815447	0.810892	0.844638	0.822749	0.810774	0.800351	0.809107	0.797331	0.822279	0.802148	0.849528	0.810126	0.82214	0.800247	0.779014	0.80714	0.794253	0.812298	0.855066	0.807519	0.796335	0.805947	0.804313	0.822682	0.816694	0.83017	0.789705	0.798299	0.817596	0.801812	0.789983	0.814439	0.799458	0.800968	0.793755	0.810166	0.791419	0.809669	0.814539	0.798919	0.808273	0.80343	0.793898	0.821103	0.815285	0.811524	0.816031	0.822893	0.800842	0.834679	0.808658	0.812677	0.804931	0.811375	0.807369	0.810769	0.799399	0.811741	0.811529	0.811922	0.796373	0.814855	0.805905	0.795616	0.808017	0.800186	0.815947	0.806587	0.838836	0.799315	0.777689	0.783387	0.81421	0.81114	0.809121	0.795677	0.789801	0.787332	0.786477	0.838224	0.81457
0.790292	1	0.794389	0.784018	0.770999	0.767238	0.827734	0.774151	0.777619	0.80344	0.769975	0.794711	0.799336	0.77059	0.797764	0.807023	0.775316	0.809076	0.805961	0.807309	0.773563	0.783962	0.801633	0.780676	0.791835	0.791303	0.834782	0.811046	0.820192	0.805894	0.777641	0.764065	0.774068	0.79164	0.832958	0.827529	0.798007	0.762289	0.817104	0.806154	0.778247	0.781883	0.838342	0.756324	0.799192	0.775462	0.771085	0.81877	0.835945	0.790963	0.856833	0.7954	0.771706	0.814525	0.803638	0.772866	0.806549	0.795085	0.818461	0.785168	0.794497	0.771652	0.842782	0.811388	0.782003	0.822083	0.783471	0.799108	0.853696	0.76902	0.83124	0.781445	0.778091	0.77909	0.785142	0.800609	0.788952	0.777876	0.826712	0.847076	0.797801	0.827459	0.793099	0.792557	0.78017	0.806074	0.820584	0.796038	0.780073	0.785073	0.793784	0.803209	0.798879	0.796768	0.779758	0.80986	0.82864	0.800667
0.795951	0.794389	1	0.793456	0.779796	0.847737	0.768607	0.780669	0.829719	0.806285	0.777043	0.788293	0.795556	0.775956	0.783008	0.812383	0.779722	0.849695	0.805297	0.811907	0.782642	0.787452	0.782704	0.790098	0.784083	0.786756	0.789526	0.807606	0.844237	0.819649	0.787621	0.800481	0.76961	0.785737	0.795994	0.824395	0.796017	0.771825	0.795013	0.797316	0.788255	0.795776	0.811623	0.768837	0.795847	0.790398	0.776892	0.778355	0.792333	0.826401	0.799412	0.792499	0.782701	0.779065	0.784355	0.786039	0.781243	0.794152	0.800945	0.813012	0.793616	0.788825	0.801469	0.805286	0.796254	0.787367	0.812018	0.793531	0.803369	0.7766	0.802147	0.812751	0.787688	0.785233	0.799653	0.795513	0.794867	0.797552	0.803712	0.799782	0.805616	0.794323	0.797734	0.802429	0.784214	0.814838	0.801347	0.769042	0.807829	0.786225	0.78445	0.79806	0.792039	0.788063	0.78872	0.791013	0.851718	0.788948
0.831388	0.784018	0.793456	1	0.804228	0.769384	0.760716	0.810988	0.769665	0.816501	0.802713	0.804992	0.841497	0.801625	0.79976	0.809043	0.826441	0.800118	0.796677	0.8685	0.83794	0.820984	0.808508	0.806627	0.780018	0.827887	0.787623	0.872147	0.789851	0.810514	0.818828	0.756903	0.813492	0.787785	0.795788	0.865708	0.815404	0.809393	0.821401	0.800319	0.836239	0.82628	0.808615	0.805939	0.794345	0.814623	0.78215	0.773095	0.791479	0.792971	0.798852	0.82987	0.817399	0.782787	0.818161	0.815114	0.790826	0.808975	0.79111	0.771139	0.855089	0.848652	0.81254	0.801221	0.829008	0.791063	0.845281	0.800081	0.799045	0.817029	0.804771	0.820224	0.823014	0.827842	0.800851	0.813012	0.796778	0.797161	0.800387	0.801387	0.782476	0.785777	0.808144	0.795087	0.816473	0.843211	0.785723	0.765212	0.766698	0.806636	0.826749	0.821698	0.794349	0.780313	0.781947	0.785875	0.816779	0.836604
0.809133	0.770999	0.779796	0.804228	1	0.757313	0.769755	0.792158	0.77611	0.81303	0.801923	0.791426	0.81701	0.780429	0.780748	0.784122	0.818045	0.796351	0.776946	0.835475	0.80558	0.790093	0.780013	0.781366	0.791506	0.818174	0.783266	0.829203	0.785442	0.786962	0.781354	0.761426	0.784496	0.783166	0.783149	0.839639	0.7947	0.789866	0.793083	0.787542	0.790909	0.806677	0.797839	0.785376	0.781198	0.855781	0.773674	0.764051	0.783222	0.779375	0.782079	0.795232	0.800192	0.76977	0.777411	0.829151	0.772683	0.793785	0.796581	0.782993	0.794404	0.80787	0.792448	0.790927	0.822983	0.776891	0.861807	0.805777	0.785336	0.862887	0.804688	0.808161	0.794204	0.797154	0.790991	0.803033	0.781491	0.786379	0.791936	0.787956	0.767535	0.787654	0.795862	0.771456	0.79421	0.827953	0.781448	0.75923	0.77384	0.783518	0.804879	0.803525	0.793669	0.774427	0.766217	0.785294	0.809371	0.787384
0.779277	0.767238	0.847737	0.769384	0.757313	1	0.751561	0.776147	0.808913	0.791065	0.77164	0.77913	0.786193	0.759941	0.77161	0.8037	0.761242	0.818841	0.804087	0.798171	0.764974	0.77186	0.778802	0.768241	0.772988	0.772585	0.77268	0.791628	0.818478	0.816779	0.774878	0.78791	0.764487	0.774921	0.777566	0.800125	0.778187	0.760047	0.774203	0.786102	0.769073	0.772999	0.796703	0.766136	0.777269	0.772437	0.772204	0.763088	0.781018	0.821171	0.776595	0.77107	0.772927	0.772127	0.779622	0.767492	0.772186	0.785049	0.781171	0.801771	0.7821	0.763571	0.776733	0.795884	0.784504	0.778174	0.787702	0.793916	0.783262	0.751959	0.78053	0.783122	0.777049	0.763779	0.792297	0.776981	0.788908	0.791661	0.789779	0.77691	0.784773	0.780304	0.759465	0.787027	0.769933	0.800502	0.78398	0.762143	0.794944	0.769091	0.765416	0.772722	0.773855	0.773321	0.783813	0.780309	0.833218	0.770016
0.766759	0.827734	0.768607	0.760716	0.769755	0.751561	1	0.772065	0.746342	0.782983	0.770119	0.772943	0.785673	0.748497	0.802616	0.788251	0.756419	0.775535	0.789448	0.787588	0.762888	0.774383	0.783726	0.756079	0.778165	0.764968	0.788148	0.783971	0.789098	0.784717	0.77096	0.744033	0.752175	0.785515	0.793418	0.80817	0.772069	0.760374	0.782706	0.784841	0.751206	0.760002	0.809798	0.74713	0.764905	0.756367	0.759384	0.806684	0.802393	0.775182	0.853576	0.765199	0.765616	0.779611	0.772763	0.761184	0.778872	0.785418	0.815644	0.761244	0.763319	0.757527	0.813816	0.781354	0.757736	0.786425	0.765774	0.762252	0.815665	0.754748	0.810095	0.765245	0.767524	0.760253	0.777508	0.775905	0.761644	0.75548	0.801229	0.801632	0.759229	0.825515	0.762793	0.759828	0.756806	0.778238	0.815008	0.766093	0.758871	0.775361	0.764208	0.810832	0.780115	0.790962	0.766369	0.779738	0.799344	0.786207
0.802929	0.774151	0.780669	0.810988	0.792158	0.776147	0.772065	1	0.76823	0.796611	0.828899	0.790234	0.867077	0.809742	0.775473	0.791673	0.810675	0.783391	0.800329	0.873742	0.819704	0.813519	0.830587	0.84318	0.776256	0.8427	0.813435	0.855656	0.788259	0.79799	0.838774	0.753139	0.823957	0.776088	0.787714	0.867957	0.802487	0.857389	0.811072	0.78264	0.802678	0.819742	0.80654	0.83528	0.775975	0.804749	0.768208	0.768278	0.793517	0.803452	0.786946	0.82607	0.848119	0.768568	0.830653	0.80091	0.783357	0.806609	0.792486	0.76343	0.827493	0.800679	0.793881	0.796971	0.818673	0.776781	0.829969	0.787298	0.787442	0.793974	0.794791	0.81563	0.841693	0.812267	0.792996	0.824638	0.7725	0.779236	0.787251	0.784825	0.769961	0.798652	0.796686	0.787444	0.812898	0.824675	0.778495	0.765428	0.772266	0.785944	0.816458	0.801931	0.776267	0.765908	0.789168	0.771941	0.811342	0.823131
0.793437	0.777619	0.829719	0.769665	0.77611	0.808913	0.746342	0.76823	1	0.793695	0.775772	0.782228	0.784359	0.772666	0.773555	0.793507	0.76438	0.882515	0.79979	0.796169	0.777138	0.781277	0.767625	0.772263	0.790125	0.779246	0.77185	0.789453	0.844762	0.806125	0.760904	0.844455	0.772933	0.76991	0.784312	0.805816	0.784785	0.766884	0.774497	0.783664	0.780418	0.781477	0.799931	0.767271	0.776482	0.779721	0.768815	0.770422	0.787552	0.80852	0.776653	0.764603	0.778616	0.780209	0.774828	0.782114	0.762819	0.7853	0.788117	0.866114	0.775346	0.77543	0.775203	0.78291	0.781837	0.787916	0.802049	0.795252	0.776752	0.77048	0.786031	0.791899	0.770039	0.766004	0.781954	0.781088	0.78342	0.774612	0.796949	0.778691	0.795156	0.786826	0.778655	0.795997	0.776662	0.794883	0.77171	0.763418	0.837903	0.775142	0.762188	0.774243	0.773932	0.771682	0.780677	0.794865	0.847937	0.759857
0.82841	0.80344	0.806285	0.816501	0.81303	0.791065	0.782983	0.796611	0.793695	1	0.789531	0.885401	0.815032	0.779561	0.827455	0.828862	0.796823	0.816564	0.816453	0.834661	0.805916	0.792207	0.792735	0.794728	0.841122	0.8094	0.797059	0.834389	0.820027	0.834952	0.79347	0.765773	0.782419	0.835426	0.826804	0.845836	0.819751	0.807466	0.79612	0.836849	0.79799	0.812969	0.858141	0.780956	0.842887	0.800566	0.849347	0.80289	0.838755	0.823886	0.81778	0.794795	0.793168	0.82168	0.796329	0.802149	0.812891	0.804602	0.817224	0.789975	0.807986	0.815863	0.840807	0.866928	0.818736	0.831561	0.842523	0.881184	0.831567	0.804607	0.840695	0.821323	0.796838	0.777796	0.835832	0.806995	0.867522	0.856527	0.859706	0.837978	0.806871	0.827115	0.815502	0.816721	0.809019	0.849705	0.851197	0.800946	0.794429	0.867806	0.797128	0.812245	0.847117	0.825925	0.790013	0.84023	0.860214	0.802298
0.808279	0.769975	0.777043	0.802713	0.801923	0.77164	0.770119	0.828899	0.775772	0.789531	1	0.780223	0.89012	0.810119	0.781244	0.800749	0.814854	0.784953	0.797	0.867554	0.830184	0.856841	0.818685	0.843827	0.77634	0.82444	0.797048	0.855862	0.789904	0.805323	0.80713	0.755788	0.834609	0.765627	0.77823	0.861844	0.8053	0.811015	0.797439	0.771507	0.799003	0.830136	0.806744	0.830903	0.774856	0.807558	0.769232	0.771781	0.789196	0.787149	0.789326	0.804481	0.819706	0.779077	0.81593	0.826445	0.785756	0.820219	0.790616	0.769028	0.815737	0.794968	0.792689	0.784572	0.822057	0.788298	0.820453	0.790454	0.783544	0.787823	0.810438	0.807953	0.856825	0.818264	0.792113	0.84236	0.770094	0.769615	0.79469	0.797007	0.767631	0.791336	0.802363	0.795773	0.800512	0.820346	0.777398	0.762682	0.765597	0.790242	0.803226	0.824484	0.773338	0.763396	0.771742	0.783347	0.810957	0.83357
0.813117	0.794711	0.788293	0.804992	0.791426	0.77913	0.772943	0.790234	0.782228	0.885401	0.780223	1	0.80404	0.768925	0.835365	0.807419	0.785046	0.803883	0.805519	0.817136	0.797126	0.786054	0.786701	0.781134	0.828769	0.791241	0.796739	0.814628	0.800358	0.816488	0.7925	0.76283	0.779046	0.82478	0.813608	0.833703	0.806445	0.784218	0.796965	0.834932	0.787847	0.791618	0.842683	0.769643	0.823922	0.784864	0.83118	0.786054	0.819257	0.807211	0.805737	0.791251	0.776465	0.805534	0.782916	0.786494	0.806482	0.799306	0.802224	0.777196	0.79973	0.796563	0.828058	0.86115	0.798451	0.815553	0.819926	0.867489	0.823223	0.786568	0.821234	0.810935	0.787797	0.763286	0.823694	0.795673	0.873238	0.870466	0.859993	0.826875	0.800854	0.828433	0.812091	0.81111	0.789828	0.826176	0.852679	0.786528	0.783767	0.846678	0.780923	0.795173	0.823005	0.825294	0.774572	0.810171	0.842377	0.789115
0.837924	0.799336	0.795556	0.841497	0.81701	0.786193	0.785673	0.867077	0.784359	0.815032	0.89012	0.80404	1	0.838174	0.796972	0.815413	0.849489	0.800606	0.814944	0.918169	0.846089	0.866072	0.855379	0.875981	0.794333	0.865744	0.832658	0.90543	0.809346	0.821874	0.842951	0.763299	0.86574	0.791712	0.807821	0.903766	0.836121	0.844453	0.834829	0.796984	0.822789	0.85952	0.832855	0.866984	0.793105	0.828359	0.786443	0.790642	0.815306	0.808154	0.812332	0.844213	0.858385	0.795212	0.855234	0.840444	0.802822	0.846453	0.812852	0.781939	0.852784	0.818952	0.81753	0.816248	0.858483	0.805012	0.847942	0.809645	0.810749	0.80602	0.8287	0.82433	0.890064	0.842522	0.806591	0.878971	0.78542	0.788154	0.813863	0.814155	0.788007	0.809161	0.826137	0.811869	0.840566	0.85549	0.795777	0.780619	0.789169	0.805257	0.833794	0.838278	0.791407	0.78055	0.788334	0.797313	0.830755	0.856349
0.797888	0.77059	0.775956	0.801625	0.780429	0.759941	0.748497	0.809742	0.772666	0.779561	0.810119	0.768925	0.838174	1	0.763073	0.776149	0.803327	0.780302	0.775689	0.840903	0.791423	0.818194	0.820558	0.819217	0.756542	0.826375	0.812075	0.829957	0.777252	0.781672	0.792255	0.753263	0.814534	0.754526	0.75687	0.84029	0.779204	0.791059	0.785844	0.76127	0.8028	0.808039	0.786171	0.797462	0.768323	0.781161	0.753493	0.761757	0.77151	0.776366	0.781218	0.80556	0.816494	0.776233	0.827227	0.814698	0.771726	0.780714	0.767145	0.769046	0.805227	0.809977	0.783473	0.781763	0.813144	0.782143	0.818792	0.785766	0.773601	0.78638	0.780691	0.80242	0.811528	0.807033	0.773823	0.808424	0.766642	0.765377	0.784569	0.767988	0.76263	0.771649	0.800653	0.778235	0.786387	0.806718	0.764601	0.746317	0.767742	0.770013	0.786694	0.781442	0.752395	0.762902	0.761653	0.77249	0.795828	0.800119
0.794351	0.797764	0.783008	0.79976	0.780748	0.77161	0.802616	0.775473	0.773555	0.827455	0.781244	0.835365	0.796972	0.763073	1	0.806901	0.772527	0.793535	0.808005	0.809496	0.791241	0.78896	0.783661	0.774005	0.792758	0.781893	0.785809	0.810176	0.79524	0.811414	0.780388	0.753697	0.776361	0.803662	0.803593	0.827557	0.7939	0.765193	0.798561	0.813326	0.788352	0.778316	0.820282	0.757491	0.802048	0.767514	0.78982	0.817325	0.798922	0.788083	0.854111	0.796183	0.771294	0.814026	0.775737	0.781858	0.805485	0.796357	0.809224	0.773521	0.796224	0.787878	0.825908	0.823451	0.78253	0.818817	0.8008	0.813062	0.813139	0.768041	0.817622	0.799473	0.784992	0.767332	0.815786	0.783414	0.818554	0.81761	0.825945	0.823042	0.792053	0.822201	0.805043	0.789718	0.794491	0.814071	0.81138	0.777947	0.780411	0.811521	0.783154	0.804429	0.814313	0.799337	0.770027	0.80375	0.832197	0.795739
0.82596	0.807023	0.812383	0.809043	0.784122	0.8037	0.788251	0.791673	0.793507	0.828862	0.800749	0.807419	0.815413	0.776149	0.806901	1	0.788084	0.822678	0.893658	0.833259	0.806407	0.804361	0.808765	0.798594	0.811438	0.788513	0.796477	0.831281	0.841589	0.902228	0.794657	0.77689	0.795207	0.799278	0.820906	0.840243	0.818947	0.797223	0.793507	0.813376	0.794105	0.79899	0.865383	0.785101	0.81504	0.790699	0.791594	0.83263	0.844534	0.832963	0.818449	0.795588	0.812725	0.822724	0.800663	0.786432	0.868533	0.820463	0.811347	0.796401	0.813252	0.800122	0.816432	0.830482	0.799694	0.83395	0.807472	0.817723	0.818937	0.787115	0.805812	0.798307	0.795608	0.809615	0.852057	0.805137	0.820049	0.810533	0.829593	0.819577	0.853367	0.810782	0.801646	0.864566	0.790076	0.823349	0.822519	0.819216	0.801182	0.807892	0.816032	0.811864	0.797409	0.801212	0.824893	0.804272	0.885788	0.818007
0.826897	0.775316	0.779722	0.826441	0.818045	0.761242	0.756419	0.810675	0.76438	0.796823	0.814854	0.785046	0.849489	0.803327	0.772527	0.788084	1	0.780827	0.7823	0.862443	0.809264	0.8048	0.803904	0.834873	0.765748	0.824938	0.789318	0.853061	0.78113	0.788318	0.805423	0.758003	0.812994	0.775787	0.781451	0.857057	0.803148	0.790061	0.800687	0.781423	0.804294	0.823866	0.802737	0.817076	0.78723	0.818136	0.769124	0.76211	0.789112	0.77505	0.778343	0.822548	0.816095	0.765953	0.804629	0.810423	0.777593	0.804847	0.788775	0.768492	0.835312	0.818916	0.795597	0.788133	0.820509	0.772685	0.83637	0.789743	0.786768	0.811186	0.802536	0.806222	0.846354	0.815902	0.782896	0.817351	0.769029	0.775295	0.7919	0.789993	0.767891	0.786227	0.791555	0.788905	0.798887	0.824024	0.766519	0.760988	0.77341	0.786161	0.80697	0.798803	0.775312	0.765254	0.766677	0.776063	0.803439	0.813658
0.815447	0.809076	0.849695	0.800118	0.796351	0.818841	0.775535	0.783391	0.882515	0.816564	0.784953	0.803883	0.800606	0.780302	0.793535	0.822678	0.780827	1	0.822139	0.82126	0.794831	0.793456	0.788987	0.781212	0.805529	0.804937	0.804513	0.816264	0.864187	0.839438	0.783343	0.872106	0.784273	0.791368	0.812943	0.833504	0.808436	0.782166	0.795397	0.806335	0.806914	0.790322	0.829733	0.774421	0.797301	0.804026	0.786078	0.793545	0.812989	0.831905	0.806442	0.793002	0.795876	0.803154	0.798972	0.802841	0.796333	0.808272	0.805404	0.889417	0.81023	0.806424	0.807429	0.811827	0.801581	0.812506	0.827644	0.817899	0.811545	0.796905	0.810778	0.810171	0.780204	0.787437	0.81348	0.791908	0.807218	0.799546	0.816345	0.80963	0.825654	0.819005	0.806157	0.818999	0.793828	0.820523	0.802845	0.787308	0.855849	0.79371	0.789967	0.799017	0.795786	0.796557	0.800214	0.817366	0.873038	0.790035
0.810892	0.805961	0.805297	0.796677	0.776946	0.804087	0.789448	0.800329	0.79979	0.816453	0.797	0.805519	0.814944	0.775689	0.808005	0.893658	0.7823	0.822139	1	0.833759	0.793566	0.797323	0.80366	0.794537	0.810107	0.785912	0.799494	0.82536	0.830978	0.904168	0.791953	0.777037	0.776034	0.80347	0.821626	0.835251	0.820028	0.790489	0.804684	0.808951	0.791919	0.792494	0.859021	0.789049	0.801004	0.783333	0.784137	0.839502	0.8425	0.837342	0.820639	0.796756	0.807823	0.83021	0.796013	0.780129	0.863766	0.815972	0.804419	0.789168	0.808534	0.791618	0.807171	0.821903	0.799368	0.840047	0.798168	0.815188	0.816922	0.779401	0.804335	0.795848	0.797937	0.791676	0.848325	0.803571	0.816721	0.807943	0.822694	0.81265	0.843178	0.806452	0.783365	0.868753	0.784796	0.820504	0.816436	0.834634	0.795672	0.799939	0.803218	0.803109	0.783384	0.798013	0.829666	0.812582	0.890341	0.805892
0.844638	0.807309	0.811907	0.8685	0.835475	0.798171	0.787588	0.873742	0.796169	0.834661	0.867554	0.817136	0.918169	0.840903	0.809496	0.833259	0.862443	0.82126	0.833759	1	0.852698	0.859044	0.858918	0.883918	0.806932	0.873069	0.833124	0.921921	0.820428	0.842042	0.846928	0.776857	0.852156	0.801663	0.821439	0.922376	0.848679	0.857241	0.84677	0.811027	0.846812	0.868833	0.843772	0.881707	0.805686	0.848104	0.798149	0.800765	0.828648	0.825714	0.817919	0.867493	0.877615	0.807782	0.854264	0.850936	0.824276	0.84855	0.82071	0.796085	0.877673	0.853067	0.822808	0.827713	0.881048	0.817997	0.877783	0.82553	0.820135	0.8389	0.837135	0.847489	0.902755	0.855144	0.826764	0.868863	0.80542	0.811709	0.824889	0.818167	0.807231	0.820482	0.838939	0.83218	0.85351	0.878776	0.804112	0.796147	0.802389	0.812756	0.851544	0.834492	0.805668	0.789961	0.814323	0.816992	0.85377	0.86611
0.822749	0.773563	0.782642	0.83794	0.80558	0.764974	0.762888	0.819704	0.777138	0.805916	0.830184	0.797126	0.846089	0.791423	0.791241	0.806407	0.809264	0.794831	0.793566	0.852698	1	0.810874	0.791577	0.804575	0.784368	0.837086	0.781642	0.854962	0.788326	0.802641	0.808735	0.760886	0.816866	0.779001	0.790122	0.860291	0.806293	0.811536	0.821693	0.788728	0.84853	0.82161	0.80628	0.799167	0.777612	0.807131	0.782517	0.781451	0.793668	0.78651	0.792521	0.813999	0.820974	0.776531	0.801429	0.830946	0.77853	0.815403	0.790957	0.782007	0.826682	0.802117	0.795624	0.794135	0.819979	0.784279	0.83594	0.786494	0.796211	0.79917	0.805229	0.812133	0.812886	0.817088	0.79856	0.838562	0.780804	0.785009	0.795317	0.789961	0.780749	0.774762	0.802662	0.792096	0.816617	0.828134	0.784952	0.768869	0.764567	0.797562	0.825079	0.824949	0.787622	0.767518	0.772206	0.791116	0.818617	0.813614
0.810774	0.783962	0.787452	0.820984	0.790093	0.77186	0.774383	0.813519	0.781277	0.792207	0.856841	0.786054	0.866072	0.818194	0.78896	0.804361	0.8048	0.793456	0.797323	0.859044	0.810874	1	0.852505	0.823461	0.778835	0.817099	0.803335	0.849631	0.794036	0.809934	0.810578	0.763486	0.83153	0.770404	0.785163	0.865516	0.803332	0.798373	0.804885	0.775188	0.803396	0.823853	0.810275	0.795787	0.776769	0.797974	0.778682	0.78358	0.789037	0.785194	0.798634	0.818913	0.818101	0.782955	0.861703	0.818304	0.787866	0.800259	0.789675	0.776998	0.825188	0.800219	0.799284	0.794407	0.819995	0.791192	0.816522	0.787884	0.791011	0.780936	0.798325	0.815957	0.819614	0.807298	0.79643	0.820186	0.775609	0.774347	0.795323	0.78604	0.777897	0.791179	0.810491	0.795157	0.813909	0.820363	0.786007	0.75763	0.773867	0.79681	0.800202	0.81788	0.776217	0.778228	0.77239	0.785046	0.811607	0.839585
0.800351	0.801633	0.782704	0.808508	0.780013	0.778802	0.783726	0.830587	0.767625	0.792735	0.818685	0.786701	0.855379	0.820558	0.783661	0.808765	0.803904	0.788987	0.80366	0.858918	0.791577	0.852505	1	0.817327	0.779832	0.824572	0.836637	0.850817	0.792912	0.806402	0.837365	0.748299	0.841105	0.776488	0.789057	0.864299	0.802067	0.783294	0.804639	0.786768	0.783288	0.813323	0.810164	0.805836	0.785165	0.79716	0.765469	0.779643	0.799795	0.795609	0.805826	0.828271	0.835519	0.787189	0.89002	0.809546	0.79199	0.807347	0.784883	0.764719	0.818947	0.805765	0.801926	0.799954	0.816275	0.795561	0.808929	0.787099	0.797184	0.781044	0.810429	0.798853	0.820752	0.815209	0.793463	0.826617	0.772771	0.778575	0.803019	0.791521	0.771967	0.793495	0.798035	0.794527	0.831328	0.819664	0.787775	0.757414	0.778063	0.772024	0.803122	0.801908	0.782328	0.777028	0.770756	0.785276	0.80856	0.865781
0.809107	0.780676	0.790098	0.806627	0.781366	0.768241	0.756079	0.84318	0.772263	0.794728	0.843827	0.781134	0.875981	0.819217	0.774005	0.798594	0.834873	0.781212	0.794537	0.883918	0.804575	0.823461	0.817327	1	0.77136	0.820231	0.798376	0.857745	0.789766	0.800224	0.808266	0.75345	0.82196	0.767279	0.786983	0.861384	0.818206	0.845996	0.801388	0.76793	0.807398	0.828065	0.804598	0.839001	0.781963	0.785317	0.771026	0.772554	0.789395	0.785431	0.793273	0.836763	0.840849	0.773735	0.806702	0.795188	0.783946	0.813088	0.792525	0.768728	0.832102	0.803298	0.795938	0.793499	0.822797	0.782128	0.813138	0.785158	0.790408	0.776533	0.80409	0.805187	0.890997	0.819823	0.784704	0.827748	0.76504	0.766668	0.794287	0.790322	0.776667	0.788582	0.815222	0.798636	0.817862	0.822583	0.774546	0.7639	0.780936	0.790261	0.807476	0.803636	0.778432	0.76086	0.778683	0.786315	0.810236	0.819344
0.797331	0.791835	0.784083	0.780018	0.791506	0.772988	0.778165	0.776256	0.790125	0.841122	0.77634	0.828769	0.794333	0.756542	0.792758	0.811438	0.765748	0.805529	0.810107	0.806932	0.784368	0.778835	0.779832	0.77136	1	0.781133	0.788369	0.808028	0.811299	0.814824	0.763096	0.762534	0.769849	0.841152	0.818746	0.819924	0.809443	0.787446	0.783153	0.849209	0.777458	0.790313	0.831296	0.769371	0.821241	0.790481	0.816524	0.789142	0.815482	0.803699	0.796618	0.77948	0.781745	0.809637	0.772027	0.778784	0.795671	0.789946	0.816147	0.789003	0.77937	0.779835	0.821629	0.81985	0.791309	0.818319	0.811243	0.827999	0.816129	0.780863	0.820596	0.785893	0.773837	0.777055	0.806846	0.788248	0.824103	0.795316	0.83302	0.819262	0.797749	0.832482	0.78603	0.804181	0.778976	0.815482	0.819009	0.791952	0.789074	0.807253	0.778027	0.799584	0.841871	0.808173	0.784912	0.824788	0.839467	0.777737
0.822279	0.791303	0.786756	0.827887	0.818174	0.772585	0.764968	0.8427	0.779246	0.8094	0.82444	0.791241	0.865744	0.826375	0.781893	0.788513	0.824938	0.804937	0.785912	0.873069	0.837086	0.817099	0.824572	0.820231	0.781133	1	0.810868	0.864408	0.796178	0.796385	0.809818	0.764462	0.823417	0.781709	0.799603	0.868333	0.807153	0.811101	0.813883	0.794545	0.838341	0.826489	0.814996	0.820113	0.780809	0.826177	0.776287	0.777318	0.803072	0.794044	0.795668	0.82687	0.831609	0.781	0.8299	0.836574	0.777135	0.81041	0.798102	0.782874	0.842443	0.819817	0.802037	0.807054	0.828336	0.789015	0.854754	0.80322	0.79891	0.82388	0.809309	0.822606	0.830788	0.819876	0.794765	0.850066	0.783121	0.78994	0.79126	0.79007	0.78	0.802292	0.810165	0.785828	0.828101	0.834047	0.780687	0.768832	0.785513	0.788199	0.812901	0.804354	0.782627	0.766302	0.778126	0.789596	0.814461	0.826539
0.802148	0.834782	0.789526	0.787623	0.783266	0.77268	0.788148	0.813435	0.77185	0.797059	0.797048	0.796739	0.832658	0.812075	0.785809	0.796477	0.789318	0.804513	0.799494	0.833124	0.781642	0.803335	0.836637	0.798376	0.788369	0.810868	1	0.833802	0.803918	0.801631	0.80956	0.76173	0.803986	0.789585	0.795274	0.854195	0.793297	0.786971	0.821829	0.797996	0.782357	0.799246	0.816741	0.79023	0.795605	0.79937	0.76264	0.798658	0.806738	0.789413	0.824425	0.807629	0.814713	0.808733	0.828794	0.785076	0.79449	0.799729	0.802937	0.774606	0.810851	0.788124	0.827465	0.807856	0.801514	0.81699	0.810101	0.806778	0.832233	0.788255	0.834271	0.800232	0.803827	0.802497	0.792234	0.813557	0.785597	0.789439	0.818354	0.825423	0.777823	0.808623	0.8004	0.795616	0.797491	0.815415	0.803452	0.773281	0.784481	0.781751	0.805143	0.801613	0.792158	0.799346	0.769964	0.805357	0.817533	0.819861
0.849528	0.811046	0.807606	0.872147	0.829203	0.791628	0.783971	0.855656	0.789453	0.834389	0.855862	0.814628	0.90543	0.829957	0.810176	0.831281	0.853061	0.816264	0.82536	0.921921	0.854962	0.849631	0.850817	0.857745	0.808028	0.864408	0.833802	1	0.822888	0.834493	0.842772	0.773973	0.844486	0.801054	0.823601	0.916759	0.859717	0.843113	0.839696	0.809056	0.841492	0.861504	0.841687	0.849288	0.804811	0.844877	0.798907	0.796921	0.823274	0.815345	0.818897	0.857156	0.864622	0.804688	0.850979	0.84908	0.815022	0.8465	0.818759	0.790386	0.863692	0.84372	0.831314	0.823761	0.865686	0.81418	0.871657	0.819178	0.821968	0.834277	0.834554	0.842256	0.873007	0.861963	0.820072	0.867448	0.798134	0.802193	0.824487	0.820117	0.802525	0.816634	0.836424	0.821243	0.846885	0.872985	0.805077	0.788692	0.79559	0.818031	0.851935	0.83606	0.808337	0.789059	0.796369	0.810414	0.8468	0.866725
0.810126	0.820192	0.844237	0.789851	0.785442	0.818478	0.789098	0.788259	0.844762	0.820027	0.789904	0.800358	0.809346	0.777252	0.79524	0.841589	0.78113	0.864187	0.830978	0.820428	0.788326	0.794036	0.792912	0.789766	0.811299	0.796178	0.803918	0.822888	1	0.850733	0.790033	0.819367	0.78193	0.791865	0.836432	0.834053	0.816636	0.784879	0.794237	0.816121	0.789451	0.802533	0.863366	0.772019	0.797348	0.802014	0.789608	0.806042	0.843425	0.817356	0.810954	0.787956	0.795868	0.804645	0.804907	0.792702	0.820821	0.812143	0.821608	0.838745	0.800077	0.785093	0.814818	0.815345	0.799927	0.813796	0.816774	0.810946	0.819347	0.783287	0.817467	0.799876	0.789372	0.791297	0.827469	0.806404	0.80198	0.790369	0.824504	0.807396	0.83429	0.823188	0.800074	0.832168	0.787143	0.825749	0.808674	0.816501	0.836627	0.797441	0.794157	0.809949	0.795968	0.800477	0.813391	0.818871	0.883249	0.793919
0.82214	0.805894	0.819649	0.810514	0.786962	0.816779	0.784717	0.79799	0.806125	0.834952	0.805323	0.816488	0.821874	0.781672	0.811414	0.902228	0.788318	0.839438	0.904168	0.842042	0.802641	0.809934	0.806402	0.800224	0.814824	0.796385	0.801631	0.834493	0.850733	1	0.797586	0.785519	0.789464	0.800674	0.834973	0.844003	0.830671	0.802099	0.804107	0.815434	0.807541	0.801111	0.878413	0.791717	0.806729	0.794358	0.801029	0.831797	0.856067	0.855731	0.818509	0.799345	0.81731	0.831061	0.807173	0.790497	0.875499	0.821472	0.811144	0.804545	0.816968	0.802857	0.812746	0.83217	0.805947	0.842201	0.810509	0.823332	0.818751	0.792028	0.818304	0.809171	0.800543	0.792975	0.871407	0.802808	0.822338	0.811768	0.82596	0.814451	0.866974	0.815708	0.804194	0.884962	0.797661	0.828103	0.821225	0.838508	0.810624	0.814814	0.808221	0.808816	0.796129	0.799537	0.847048	0.816141	0.909167	0.809749
0.800247	0.777641	0.787621	0.818828	0.781354	0.774878	0.77096	0.838774	0.760904	0.79347	0.80713	0.7925	0.842951	0.792255	0.780388	0.794657	0.805423	0.783343	0.791953	0.846928	0.808735	0.810578	0.837365	0.808266	0.763096	0.809818	0.80956	0.842772	0.790033	0.797586	1	0.756783	0.80987	0.773908	0.782824	0.856896	0.802418	0.796391	0.82764	0.783064	0.788233	0.811473	0.809151	0.805264	0.780893	0.791828	0.766664	0.773179	0.79257	0.798564	0.792786	0.829006	0.816018	0.776172	0.829037	0.794941	0.783207	0.803681	0.780606	0.766489	0.829909	0.802556	0.792004	0.798941	0.812886	0.783825	0.812057	0.792946	0.789463	0.79249	0.798979	0.807972	0.814783	0.818592	0.794855	0.821393	0.778557	0.793072	0.788768	0.781788	0.773798	0.782253	0.793887	0.791256	0.815207	0.819918	0.777501	0.762019	0.772417	0.776218	0.808419	0.808816	0.779918	0.777135	0.779167	0.775434	0.809343	0.815629
0.779014	0.764065	0.800481	0.756903	0.761426	0.78791	0.744033	0.753139	0.844455	0.765773	0.755788	0.76283	0.763299	0.753263	0.753697	0.77689	0.758003	0.872106	0.777037	0.776857	0.760886	0.763486	0.748299	0.75345	0.762534	0.764462	0.76173	0.773973	0.819367	0.785519	0.756783	1	0.757903	0.750726	0.767153	0.787782	0.763265	0.749301	0.753002	0.763281	0.76666	0.751301	0.788177	0.747779	0.763173	0.769226	0.756231	0.758789	0.770567	0.78586	0.763801	0.758053	0.76202	0.772765	0.765341	0.769653	0.757164	0.77269	0.762234	0.871636	0.76708	0.764211	0.765367	0.766115	0.75886	0.77916	0.787119	0.776295	0.761915	0.764463	0.762414	0.771232	0.744854	0.75742	0.771507	0.760248	0.770832	0.763649	0.778034	0.763797	0.783333	0.781534	0.762236	0.774323	0.751414	0.763471	0.758554	0.761215	0.817656	0.752933	0.755741	0.764148	0.748706	0.75594	0.758273	0.764221	0.820979	0.74247
0.80714	0.774068	0.76961	0.813492	0.784496	0.764487	0.752175	0.823957	0.772933	0.782419	0.834609	0.779046	0.86574	0.814534	0.776361	0.795207	0.812994	0.784273	0.776034	0.852156	0.816866	0.83153	0.841105	0.82196	0.769849	0.823417	0.803986	0.844486	0.78193	0.789464	0.80987	0.757903	1	0.768401	0.767086	0.854699	0.794222	0.788039	0.801333	0.77753	0.806946	0.810036	0.790623	0.8189	0.778488	0.787066	0.76484	0.765628	0.778219	0.77997	0.785568	0.816553	0.843152	0.782003	0.824593	0.815006	0.774493	0.797635	0.778255	0.763841	0.833855	0.794739	0.788409	0.785804	0.809354	0.789147	0.815871	0.781128	0.780995	0.777661	0.785676	0.798063	0.822664	0.820307	0.768906	0.832693	0.767969	0.768162	0.799479	0.785393	0.760913	0.770748	0.803328	0.777721	0.806609	0.803335	0.768222	0.742836	0.770809	0.778499	0.803576	0.79	0.769459	0.781571	0.750517	0.773903	0.799281	0.825681
0.794253	0.79164	0.785737	0.787785	0.783166	0.774921	0.785515	0.776088	0.76991	0.835426	0.765627	0.82478	0.791712	0.754526	0.803662	0.799278	0.775787	0.791368	0.80347	0.801663	0.779001	0.770404	0.776488	0.767279	0.841152	0.781709	0.789585	0.801054	0.791865	0.800674	0.773908	0.750726	0.768401	1	0.799549	0.82113	0.790002	0.778526	0.788239	0.876774	0.775816	0.778183	0.814808	0.76626	0.83652	0.774408	0.807493	0.777989	0.808056	0.793242	0.816976	0.776665	0.770889	0.796374	0.763323	0.774152	0.784728	0.787409	0.818033	0.773847	0.786862	0.781682	0.832682	0.810673	0.788435	0.804307	0.800704	0.821307	0.835156	0.773452	0.809072	0.793002	0.77862	0.761556	0.799085	0.786243	0.818248	0.803922	0.835327	0.825413	0.770651	0.792966	0.779096	0.793913	0.770849	0.80484	0.82629	0.769459	0.773114	0.807075	0.777606	0.790274	0.836867	0.824539	0.767519	0.812952	0.824664	0.778056
0.812298	0.832958	0.795994	0.795788	0.783149	0.777566	0.793418	0.787714	0.784312	0.826804	0.77823	0.813608	0.807821	0.75687	0.803593	0.820906	0.781451	0.812943	0.821626	0.821439	0.790122	0.785163	0.789057	0.786983	0.818746	0.799603	0.795274	0.823601	0.836432	0.834973	0.782824	0.767153	0.767086	0.799549	1	0.828561	0.822638	0.785052	0.806434	0.819359	0.793587	0.796908	0.867198	0.768814	0.801732	0.787302	0.802245	0.811241	0.856149	0.807037	0.81572	0.783551	0.789601	0.811058	0.793373	0.781741	0.822173	0.802524	0.83032	0.783858	0.792123	0.786095	0.829608	0.824422	0.795977	0.82046	0.799792	0.817323	0.833262	0.781501	0.829749	0.786287	0.785414	0.779751	0.822949	0.794405	0.804551	0.793441	0.824832	0.822338	0.821534	0.818976	0.78662	0.819126	0.791692	0.817502	0.81436	0.837048	0.792022	0.81099	0.796047	0.802841	0.797381	0.7942	0.808697	0.811126	0.856756	0.793207
0.855066	0.827529	0.824395	0.865708	0.839639	0.800125	0.80817	0.867957	0.805816	0.845836	0.861844	0.833703	0.903766	0.84029	0.827557	0.840243	0.857057	0.833504	0.835251	0.922376	0.860291	0.865516	0.864299	0.861384	0.819924	0.868333	0.854195	0.916759	0.834053	0.844003	0.856896	0.787782	0.854699	0.82113	0.828561	1	0.85234	0.843924	0.851729	0.830481	0.846178	0.861799	0.854876	0.84697	0.822077	0.852733	0.810108	0.812048	0.834695	0.82741	0.841306	0.86373	0.869794	0.818249	0.863619	0.850427	0.825437	0.847308	0.835884	0.807699	0.867917	0.849107	0.847467	0.834271	0.869629	0.828734	0.880779	0.831107	0.841515	0.840689	0.849855	0.864919	0.864544	0.854329	0.830748	0.869179	0.815939	0.818082	0.841099	0.840172	0.807811	0.833422	0.853692	0.828711	0.854138	0.879135	0.822928	0.79543	0.806626	0.829619	0.855898	0.853839	0.822658	0.816231	0.809385	0.825555	0.860133	0.870882
0.807519	0.798007	0.796017	0.815404	0.7947	0.778187	0.772069	0.802487	0.784785	0.819751	0.8053	0.806445	0.836121	0.779204	0.7939	0.818947	0.803148	0.808436	0.820028	0.848679	0.806293	0.803332	0.802067	0.818206	0.809443	0.807153	0.793297	0.859717	0.816636	0.830671	0.802418	0.763265	0.794222	0.790002	0.822638	0.85234	1	0.800245	0.797857	0.809881	0.801979	0.824074	0.832404	0.801403	0.787897	0.796963	0.788248	0.790874	0.820914	0.810428	0.800081	0.806457	0.810417	0.801949	0.793302	0.803872	0.800725	0.828841	0.814537	0.788088	0.813357	0.802567	0.806107	0.810863	0.827425	0.809961	0.820688	0.80548	0.805117	0.795982	0.823595	0.812209	0.822722	0.796674	0.833018	0.833492	0.79377	0.79135	0.817566	0.796195	0.802547	0.806948	0.81534	0.815041	0.80506	0.841394	0.814006	0.806885	0.785204	0.802879	0.798625	0.807231	0.796151	0.790281	0.804431	0.810492	0.844793	0.809221
0.796335	0.762289	0.771825	0.809393	0.789866	0.760047	0.760374	0.857389	0.766884	0.807466	0.811015	0.784218	0.844453	0.791059	0.765193	0.797223	0.790061	0.782166	0.790489	0.857241	0.811536	0.798373	0.783294	0.845996	0.787446	0.811101	0.786971	0.843113	0.784879	0.802099	0.796391	0.749301	0.788039	0.778526	0.785052	0.843924	0.800245	1	0.7943	0.774389	0.804706	0.811276	0.805462	0.823281	0.773557	0.782392	0.779888	0.761126	0.794486	0.8034	0.772188	0.80115	0.836166	0.764644	0.794562	0.793121	0.783477	0.794549	0.784728	0.765555	0.80955	0.798515	0.784926	0.795757	0.810933	0.774064	0.832889	0.789602	0.782115	0.792715	0.796471	0.806952	0.822484	0.791408	0.788687	0.811316	0.770483	0.770351	0.788174	0.77984	0.7711	0.785088	0.805957	0.794139	0.814703	0.80954	0.774483	0.76962	0.762655	0.794442	0.814003	0.79607	0.77297	0.766359	0.790064	0.770981	0.811297	0.798584
0.805947	0.817104	0.795013	0.821401	0.793083	0.774203	0.782706	0.811072	0.774497	0.79612	0.797439	0.796965	0.834829	0.785844	0.798561	0.793507	0.800687	0.795397	0.804684	0.84677	0.821693	0.804885	0.804639	0.801388	0.783153	0.813883	0.821829	0.839696	0.794237	0.804107	0.82764	0.753002	0.801333	0.788239	0.806434	0.851729	0.797857	0.7943	1	0.805217	0.807494	0.805318	0.812464	0.801194	0.78156	0.795286	0.755654	0.787383	0.804489	0.792842	0.813669	0.825735	0.815586	0.792604	0.804566	0.798637	0.796037	0.807715	0.790324	0.770153	0.826706	0.785242	0.817096	0.796734	0.814199	0.800539	0.810228	0.795758	0.815462	0.787219	0.820021	0.806734	0.810196	0.813481	0.789626	0.818895	0.792085	0.801442	0.80091	0.817556	0.782906	0.787588	0.801541	0.793091	0.80879	0.825552	0.783623	0.773169	0.779483	0.785354	0.819982	0.826078	0.784452	0.782576	0.772567	0.794577	0.823544	0.812176
0.804313	0.806154	0.797316	0.800319	0.787542	0.786102	0.784841	0.78264	0.783664	0.836849	0.771507	0.834932	0.796984	0.76127	0.813326	0.813376	0.781423	0.806335	0.808951	0.811027	0.788728	0.775188	0.786768	0.76793	0.849209	0.794545	0.797996	0.809056	0.816121	0.815434	0.783064	0.763281	0.77753	0.876774	0.819359	0.830481	0.809881	0.774389	0.805217	1	0.78361	0.798982	0.835194	0.773763	0.838377	0.784695	0.80246	0.785026	0.817145	0.801906	0.81571	0.78969	0.776791	0.807538	0.777564	0.782234	0.809193	0.79823	0.834374	0.786466	0.794019	0.790698	0.831782	0.812009	0.795504	0.816339	0.810418	0.827967	0.824794	0.777011	0.814654	0.807391	0.784521	0.778143	0.814483	0.796115	0.828874	0.819551	0.834514	0.823552	0.798836	0.81086	0.800219	0.806163	0.782977	0.821386	0.814178	0.797699	0.792465	0.810367	0.784365	0.804488	0.833072	0.816406	0.782789	0.825407	0.842424	0.78801
0.822682	0.778247	0.788255	0.836239	0.790909	0.769073	0.751206	0.802678	0.780418	0.79799	0.799003	0.787847	0.822789	0.8028	0.788352	0.794105	0.804294	0.806914	0.791919	0.846812	0.84853	0.803396	0.783288	0.807398	0.777458	0.838341	0.782357	0.841492	0.789451	0.807541	0.788233	0.76666	0.806946	0.775816	0.793587	0.846178	0.801979	0.804706	0.807494	0.78361	1	0.804848	0.801858	0.783127	0.778571	0.796041	0.774593	0.768191	0.785853	0.798427	0.782526	0.819374	0.802814	0.776064	0.791928	0.808024	0.783191	0.805038	0.78418	0.789946	0.870363	0.813201	0.784361	0.798866	0.808978	0.784149	0.831835	0.788933	0.786619	0.799452	0.789403	0.8186	0.803485	0.793468	0.801577	0.811591	0.788794	0.784369	0.787827	0.792892	0.79209	0.781523	0.804801	0.790972	0.819976	0.817627	0.777437	0.775509	0.777225	0.78232	0.812417	0.792211	0.771056	0.772963	0.78716	0.780768	0.819832	0.816157
0.816694	0.781883	0.795776	0.82628	0.806677	0.772999	0.760002	0.819742	0.781477	0.812969	0.830136	0.791618	0.85952	0.808039	0.778316	0.79899	0.823866	0.790322	0.792494	0.868833	0.82161	0.823853	0.813323	0.828065	0.790313	0.826489	0.799246	0.861504	0.802533	0.801111	0.811473	0.751301	0.810036	0.778183	0.796908	0.861799	0.824074	0.811276	0.805318	0.798982	0.804848	1	0.81364	0.821343	0.801297	0.818945	0.769012	0.770108	0.798165	0.792523	0.782769	0.805759	0.815291	0.786585	0.818235	0.852605	0.788323	0.801449	0.797737	0.769169	0.807688	0.806569	0.802953	0.804722	0.900602	0.79457	0.861372	0.803248	0.796294	0.805006	0.804309	0.812252	0.840025	0.811319	0.800051	0.825167	0.784826	0.792793	0.793111	0.801071	0.780694	0.796472	0.814086	0.793973	0.820486	0.880581	0.78447	0.774756	0.782467	0.803317	0.816708	0.813595	0.787548	0.773488	0.777122	0.79087	0.819279	0.815738
0.83017	0.838342	0.811623	0.808615	0.797839	0.796703	0.809798	0.80654	0.799931	0.858141	0.806744	0.842683	0.832855	0.786171	0.820282	0.865383	0.802737	0.829733	0.859021	0.843772	0.80628	0.810275	0.810164	0.804598	0.831296	0.814996	0.816741	0.841687	0.863366	0.878413	0.809151	0.788177	0.790623	0.814808	0.867198	0.854876	0.832404	0.805462	0.812464	0.835194	0.801858	0.81364	1	0.79102	0.828265	0.800434	0.818306	0.841869	0.906797	0.829626	0.84221	0.803621	0.808218	0.845319	0.82186	0.802038	0.866181	0.828478	0.831896	0.803959	0.812696	0.802609	0.850092	0.846249	0.813127	0.857003	0.820043	0.844195	0.852665	0.79584	0.833548	0.80679	0.805679	0.791493	0.854243	0.827687	0.831478	0.823742	0.852327	0.836392	0.856579	0.83822	0.809766	0.864051	0.801382	0.83347	0.837027	0.865333	0.823498	0.841981	0.811222	0.822935	0.810413	0.815507	0.834598	0.827281	0.902777	0.808817
0.789705	0.756324	0.768837	0.805939	0.785376	0.766136	0.74713	0.83528	0.767271	0.780956	0.830903	0.769643	0.866984	0.797462	0.757491	0.785101	0.817076	0.774421	0.789049	0.881707	0.799167	0.795787	0.805836	0.839001	0.769371	0.820113	0.79023	0.849288	0.772019	0.791717	0.805264	0.747779	0.8189	0.76626	0.768814	0.84697	0.801403	0.823281	0.801194	0.773763	0.783127	0.821343	0.79102	1	0.76548	0.799739	0.75471	0.759571	0.785792	0.788158	0.768235	0.815756	0.838882	0.770749	0.792332	0.795229	0.787247	0.808628	0.775948	0.758912	0.826849	0.802603	0.775206	0.779932	0.839814	0.779313	0.811633	0.787666	0.775784	0.780222	0.786616	0.798034	0.878787	0.808085	0.777587	0.832988	0.764448	0.769399	0.779608	0.775398	0.763373	0.769717	0.78802	0.79531	0.80069	0.820265	0.759194	0.762362	0.76961	0.759921	0.78972	0.785402	0.755926	0.751948	0.780437	0.770368	0.804499	0.793325
0.798299	0.799192	0.795847	0.794345	0.781198	0.777269	0.764905	0.775975	0.776482	0.842887	0.774856	0.823922	0.793105	0.768323	0.802048	0.81504	0.78723	0.797301	0.801004	0.805686	0.777612	0.776769	0.785165	0.781963	0.821241	0.780809	0.795605	0.804811	0.797348	0.806729	0.780893	0.763173	0.778488	0.83652	0.801732	0.822077	0.787897	0.773557	0.78156	0.838377	0.778571	0.801297	0.828265	0.76548	1	0.768394	0.79019	0.802774	0.807231	0.797437	0.810446	0.793856	0.774734	0.834204	0.778534	0.784171	0.803153	0.785279	0.794731	0.777942	0.792388	0.798385	0.842524	0.832076	0.790529	0.842228	0.803985	0.836495	0.840146	0.77596	0.812459	0.80031	0.78156	0.772245	0.813482	0.791997	0.830649	0.829378	0.842765	0.84272	0.797973	0.797087	0.80249	0.805084	0.775909	0.808844	0.820437	0.785872	0.772123	0.818767	0.782793	0.79744	0.825212	0.811857	0.771348	0.813594	0.839052	0.781762
0.817596	0.775462	0.790398	0.814623	0.855781	0.772437	0.756367	0.804749	0.779721	0.800566	0.807558	0.784864	0.828359	0.781161	0.767514	0.790699	0.818136	0.804026	0.783333	0.848104	0.807131	0.797974	0.79716	0.785317	0.790481	0.826177	0.79937	0.844877	0.802014	0.794358	0.791828	0.769226	0.787066	0.774408	0.787302	0.852733	0.796963	0.782392	0.795286	0.784695	0.796041	0.818945	0.800434	0.799739	0.768394	1	0.766122	0.757262	0.785658	0.77636	0.772607	0.792953	0.81578	0.773129	0.808743	0.823651	0.777115	0.792958	0.787747	0.783499	0.812816	0.812633	0.791167	0.787305	0.832179	0.780717	0.868664	0.799803	0.782067	0.870438	0.799358	0.825326	0.807634	0.804938	0.796895	0.803257	0.783014	0.786247	0.7826	0.783656	0.774593	0.803048	0.795149	0.783362	0.801474	0.832219	0.769002	0.764196	0.776942	0.769987	0.830142	0.790045	0.786131	0.768543	0.77582	0.783032	0.814228	0.793192
